subject,exp_num,RT,modality
1,1,3098,e
1,1,2773,d
1,1,2936.5,EE
2,1,1345.5,e
2,1,1447.5,d
2,1,1736,EE
3,1,942.5,e
3,1,709.5,d
3,1,533.5,EE
4,1,2489,e
4,1,2071,d
4,1,2441,EE
5,1,997.5,e
5,1,870,d
5,1,756,EE
6,1,745,e
6,1,631,d
6,1,520,EE
7,1,1550,e
7,1,1171,d
7,1,1121,EE
8,1,1068,e
8,1,974.5,d
8,1,1081.5,EE
9,1,946,e
9,1,901,d
9,1,749,EE
10,1,1322,e
10,1,1110,d
10,1,1031,EE
11,1,1605,e
11,1,1693,d
11,1,1716,EE
12,1,1450,e
12,1,1155,d
12,1,1177.5,EE
13,1,777,e
13,1,835.5,d
13,1,728,EE
14,1,1762,e
14,1,1803.5,d
14,1,2100,EE
15,1,1918,e
15,1,1757,d
15,1,2042,EE
16,1,1467,e
16,1,1414,d
16,1,1397,EE
17,1,1284,e
17,1,1261,d
17,1,1680.5,EE
18,1,1628,e
18,1,1439,d
18,1,1620,EE
19,1,1581,e
19,1,1071,d
19,1,1374,EE
20,1,1676,e
20,1,1815.5,d
20,1,1869,EE
21,1,2115.5,e
21,1,2106.5,d
21,1,2265,EE
22,1,1203,e
22,1,1208,d
22,1,1281,EE
23,1,1460.5,e
23,1,1327.5,d
23,1,1768.5,EE
24,1,1753,e
24,1,1701.5,d
24,1,2438,EE
25,1,1099,e
25,1,1029,d
25,1,1456.5,EE
26,1,1957.5,e
26,1,2410.5,d
26,1,2332,EE
27,1,1156,e
27,1,1050,d
27,1,1267.5,EE
28,1,1624,e
28,1,1441,d
28,1,1525,EE
29,1,1140.5,e
29,1,1438,d
29,1,1835.5,EE
30,1,1013,e
30,1,1152,d
30,1,1091,EE
31,1,852,e
31,1,1257,d
31,1,945,EE
32,1,906,e
32,1,793,d
32,1,1273.5,EE
33,1,1646,e
33,1,1347,d
33,1,1318,EE
34,1,2161,e
34,1,2564,d
34,1,2559,EE
35,1,2448,e
35,1,2474,d
35,1,2726.5,EE
36,1,1365.5,e
36,1,1495.5,d
36,1,1333.5,EE
37,1,2124.5,e
37,1,1641.5,d
37,1,1923.5,EE
38,1,1476,e
38,1,1308,d
38,1,1658,EE
39,1,1683,e
39,1,1574,d
39,1,1680.5,EE
40,1,1083.5,e
40,1,1182,d
40,1,1043.5,EE
41,1,1605,e
41,1,1509,d
41,1,1548,EE
42,1,1129,e
42,1,1235,d
42,1,1605.5,EE
43,1,2205,e
43,1,1445,d
43,1,4235.5,EE
44,1,1136,e
44,1,1058.5,d
44,1,1207,EE
45,1,2645,e
45,1,2353,d
45,1,2923.5,EE
46,1,1837,e
46,1,1714.5,d
46,1,2093,EE
47,1,2320,e
47,1,2354.5,d
47,1,2434.5,EE
48,1,1221,e
48,1,1310,d
48,1,1581,EE
49,1,1375.5,e
49,1,1167,d
49,1,1654.5,EE
50,1,1124,e
50,1,952,d
50,1,1126,EE
51,1,1993.5,e
51,1,1989,d
51,1,1862.5,EE
52,1,1142,e
52,1,1274,d
52,1,1026,EE
53,1,1378,e
53,1,1075,d
53,1,1345.5,EE
54,1,1032,e
54,1,1004,d
54,1,976,EE
55,1,1656,e
55,1,1581,d
55,1,1764.5,EE
56,1,1564,e
56,1,1260,d
56,1,1472.5,EE
57,1,1181,e
57,1,1202.5,d
57,1,2142.5,EE
58,1,1177,e
58,1,1375,d
58,1,1421.5,EE
59,1,737,e
59,1,610.5,d
59,1,694,EE
60,1,1508,e
60,1,1541.5,d
60,1,1915.5,EE
61,1,1806,e
61,1,1677.5,d
61,1,2022.5,EE
62,1,1403,e
62,1,1327,d
62,1,1721,EE
63,1,1549,e
63,1,2082,d
63,1,4056,EE
64,1,1603.5,e
64,1,1351.5,d
64,1,1497.5,EE
65,1,1334,e
65,1,1293,d
65,1,1192.5,EE
66,1,1159.5,e
66,1,1177,d
66,1,1898,EE
67,1,2060.5,e
67,1,2265.5,d
67,1,1806,EE
68,1,1112,e
68,1,850.5,d
68,1,1173.5,EE
69,1,2037,e
69,1,1906,d
69,1,1837,EE
70,1,1391.5,e
70,1,1179.5,d
70,1,1655,EE
71,1,1871,e
71,1,1670,d
71,1,1905,EE
72,2,1102,e
72,2,1043,d
72,2,867,EE
73,2,2285.5,e
73,2,2035,d
73,2,2294.5,EE
74,2,921,e
74,2,906,d
74,2,669,EE
75,2,1022,e
75,2,793,d
75,2,789,EE
76,2,1109,e
76,2,1021,d
76,2,862,EE
77,2,2194,e
77,2,1928,d
77,2,2050.5,EE
78,2,1006,e
78,2,781,d
78,2,671,EE
79,2,2365,e
79,2,2187,d
79,2,2174.5,EE
80,2,1187,e
80,2,1051,d
80,2,1069.5,EE
81,2,1355,e
81,2,1366,d
81,2,1251,EE
82,2,1530,e
82,2,1510,d
82,2,1574,EE
83,2,2091,e
83,2,1998,d
83,2,2056.5,EE
84,2,1022,e
84,2,1137,d
84,2,1150,EE
85,2,829.5,e
85,2,732,d
85,2,794,EE
86,2,840,e
86,2,965,d
86,2,971,EE
87,2,1290,e
87,2,1283,d
87,2,1641,EE
88,2,1307.5,e
88,2,1240.5,d
88,2,1566,EE
89,2,1041,e
89,2,734,d
89,2,874.5,EE
90,2,1507,e
90,2,1562,d
90,2,1728,EE
91,2,2885,e
91,2,2617,d
91,2,2763,EE
92,2,1181.5,e
92,2,1372.5,d
92,2,1180.5,EE
93,2,1303,e
93,2,1189,d
93,2,1469,EE
94,2,1067.5,e
94,2,944,d
94,2,1177.5,EE
95,2,1438,e
95,2,1284,d
95,2,1484,EE
96,2,1179,e
96,2,1069,d
96,2,1224.5,EE
97,2,1246,e
97,2,1055,d
97,2,1311.5,EE
98,2,1231,e
98,2,1007,d
98,2,1228,EE
99,2,1222,e
99,2,1048,d
99,2,1234.5,EE
100,2,1959.5,e
100,2,2039,d
100,2,2003.5,EE
101,2,2055.5,e
101,2,1969.5,d
101,2,2364,EE
102,2,803,e
102,2,838,d
102,2,771,EE
103,2,1206,e
103,2,1308,d
103,2,1527.5,EE
104,2,1463,e
104,2,1588,d
104,2,1601,EE
105,2,1061.5,e
105,2,825.5,d
105,2,1003.5,EE
106,2,1706,e
106,2,1307,d
106,2,1570,EE
107,2,770,e
107,2,710,d
107,2,802,EE
108,2,1346,e
108,2,1293,d
108,2,1731.5,EE
109,2,1772,e
109,2,1891,d
109,2,1807.5,EE
110,2,1196,e
110,2,1092,d
110,2,1154,EE
111,2,1510.5,e
111,2,1804,d
111,2,1680,EE
112,2,926,e
112,2,1002,d
112,2,1125.5,EE
113,2,1334,e
113,2,1255,d
113,2,1375,EE
114,2,891.5,e
114,2,849.5,d
114,2,752.5,EE
115,2,1949,e
115,2,1712,d
115,2,1661,EE
116,2,1602.5,e
116,2,1424.5,d
116,2,1608.5,EE
117,2,2138,e
117,2,2713,d
117,2,2162.5,EE
118,2,1174,e
118,2,1168,d
118,2,1286,EE
119,2,1111,e
119,2,1108,d
119,2,1214,EE
120,2,1849,e
120,2,2059,d
120,2,2053.5,EE
121,2,1530,e
121,2,1443,d
121,2,2709,EE
122,2,1284.5,e
122,2,1318,d
122,2,1422,EE
123,2,2097,e
123,2,2129,d
123,2,6028,EE
124,2,2174,e
124,2,2158,d
124,2,3130.5,EE
125,2,1798,e
125,2,1602,d
125,2,1856.5,EE
126,2,1067.5,e
126,2,1032,d
126,2,1063.5,EE
127,2,1272,e
127,2,1217,d
127,2,1486,EE
128,2,1118.5,e
128,2,909,d
128,2,1332.5,EE
129,2,1970,e
129,2,2308,d
129,2,2069.5,EE
130,2,1098,e
130,2,1155,d
130,2,1062,EE
131,2,1141,e
131,2,1165,d
131,2,863,EE
132,2,3542,e
132,2,3304,d
132,2,4791,EE
133,2,1540,e
133,2,1774,d
133,2,1794,EE
134,2,1444,e
134,2,1381,d
134,2,1466,EE
135,2,1016.5,e
135,2,1091.5,d
135,2,1198,EE
136,2,1531.5,e
136,2,1458.5,d
136,2,2119.5,EE
137,2,1124,e
137,2,1022,d
137,2,1417,EE
138,2,1571,e
138,2,1449,d
138,2,1550.5,EE
139,3,933,e
139,3,865,d
139,3,712,EE
140,3,2106,e
140,3,1739.5,d
140,3,2089,EE
141,3,894,e
141,3,874,d
141,3,712.5,EE
142,3,1043,e
142,3,864.5,d
142,3,860.5,EE
143,3,1129,e
143,3,1238,d
143,3,1279.5,EE
144,3,2093,e
144,3,1698.5,d
144,3,1948.5,EE
145,3,1012,e
145,3,837,d
145,3,662.5,EE
146,3,2236,e
146,3,2162,d
146,3,2777,EE
147,3,1210.5,e
147,3,1002,d
147,3,1153,EE
148,3,1355,e
148,3,1041,d
148,3,1274.5,EE
149,3,1449,e
149,3,1200,d
149,3,1335,EE
150,3,2451,e
150,3,1769,d
150,3,2049,EE
151,3,1067.5,e
151,3,919.5,d
151,3,1231,EE
152,3,815,e
152,3,761.5,d
152,3,762.5,EE
153,3,794.5,e
153,3,856.5,d
153,3,890.5,EE
154,3,1261,e
154,3,1149.5,d
154,3,1279.5,EE
155,3,1381,e
155,3,1519,d
155,3,1420.5,EE
156,3,766,e
156,3,650.5,d
156,3,762.5,EE
157,3,1092,e
157,3,1052,d
157,3,1407.5,EE
158,3,2592,e
158,3,2675.5,d
158,3,2443,EE
159,3,1230,e
159,3,1308,d
159,3,1344,EE
160,3,1557.5,e
160,3,1373.5,d
160,3,1737,EE
161,3,1027,e
161,3,1112,d
161,3,1084.5,EE
162,3,1484,e
162,3,1505,d
162,3,1570.5,EE
163,3,1122,e
163,3,846,d
163,3,1039,EE
164,3,1130.5,e
164,3,1003.5,d
164,3,1207.5,EE
165,3,1231.5,e
165,3,1270,d
165,3,1158.5,EE
166,3,1630,e
166,3,1407,d
166,3,2677,EE
167,3,1522.5,e
167,3,1498.5,d
167,3,1571,EE
168,3,1545,e
168,3,1648,d
168,3,1804,EE
169,3,679,e
169,3,705,d
169,3,623.5,EE
170,3,1078,e
170,3,1206,d
170,3,1253,EE
171,3,1436.5,e
171,3,1325.5,d
171,3,1571,EE
172,3,947,e
172,3,802,d
172,3,1036.5,EE
173,3,1392.5,e
173,3,1146.5,d
173,3,1339.5,EE
174,3,1023.5,e
174,3,1227.5,d
174,3,1042.5,EE
175,3,1132,e
175,3,1062,d
175,3,1288.5,EE
176,3,1768,e
176,3,1776.5,d
176,3,2110.5,EE
177,3,983,e
177,3,897,d
177,3,1229.5,EE
178,3,1071.5,e
178,3,133.5,d
178,3,952.5,EE
179,3,1009.5,e
179,3,958.5,d
179,3,1059,EE
180,3,1357,e
180,3,1052.5,d
180,3,1240.5,EE
181,3,788,e
181,3,814,d
181,3,694.5,EE
182,3,1686,e
182,3,1591,d
182,3,1669,EE
183,3,1096,e
183,3,1038.5,d
183,3,1218.5,EE
184,3,2286,e
184,3,2019.5,d
184,3,4204.5,EE
185,3,1714,e
185,3,1705,d
185,3,1721.5,EE
186,3,1970,e
186,3,1613,d
186,3,1740,EE
187,3,1123,e
187,3,1229,d
187,3,1281,EE
188,3,1290,e
188,3,1305,d
188,3,1795,EE
189,3,1273.5,e
189,3,1136,d
189,3,1483,EE
190,3,1937,e
190,3,1930,d
190,3,3061.5,EE
191,3,2137,e
191,3,2299,d
191,3,2904.5,EE
192,3,1889,e
192,3,1697.5,d
192,3,1656,EE
193,3,1110.5,e
193,3,1239.5,d
193,3,1197.5,EE
194,3,1153.5,e
194,3,910,d
194,3,1205.5,EE
195,3,1238,e
195,3,1270,d
195,3,1402,EE
196,3,1400.5,e
196,3,1419,d
196,3,1593,EE
197,3,1232.5,e
197,3,1080.5,d
197,3,1464,EE
198,3,999,e
198,3,1057,d
198,3,829,EE
199,3,2952.5,e
199,3,3323.5,d
199,3,4027.5,EE
200,3,1479,e
200,3,1499.5,d
200,3,1305.5,EE
201,3,1134,e
201,3,1104,d
201,3,1090.5,EE
202,3,942,e
202,3,876,d
202,3,969.5,EE
203,3,1128,e
203,3,1190,d
203,3,1239.5,EE
204,3,1168.5,e
204,3,1256,d
204,3,1301.5,EE
205,3,1472,e
205,3,1331,d
205,3,1497.5,EE
